100000000000000000000000000000000110000000000000001111000000000000011100100000000000011000011000000000000000000100000000000000000011000000000000000000100000000000000000010000000000000000001100000000000
200000000000000000000000001111111100000000000100000001000000000000000000010000000000000000001100000000000000000110000000000000000011000000000000000000100000000000000000110000000000000011111111111111100
400000010000000000000000000100000000000000000011000000110000000000100000011000000000001000001100000000000011111101000000000000000000110000000000000000001000000000000000000010000000000000000011100000000
500000000000000000000001111111111110000000010000000000000000000111111000000000000000000001110000000000000000000011000000000000000000011100000000100000000001100000000110000000001000000000111111111110000
600000010000000000000001111111111000000000110000000001000000001000000000000000000010000000000000000000100111110000000000001100000111000000000000100000011000000000000111111100000000000000000000000000000
700000000000000000000000000000000000000000000011111111111100000000000000001100000000000000001100000000000011111111000000000000000100011110000000000010000000000000000001100000000000000000010000000000000
800000000000000000000000000011111100000000000001000001000000000000011101110000000000000011110000000000000111000110000000000011000000100000000001100000001000000000001000000110000000000011111111000000000
800000001111000000000000000110001110000000000001000001000000000000011110110000000000000001111100000000000001100001100000000001100000001100000000010000000011000000000110000000100000000000111111111000000
800000111100000000000000011001100000000000000111011000000000000000011110000000000000011100110000000000000100000010000000000001000000100000000000010000001000000000000100000110000000000001111111000000000
900000001111100000000000001110001100000000000010000000010000000000111000001100000000000001111101100000000000000000011000000000000000011100000000100000001100000000001100001110000000000000111110000000000
900000000000000000000000000000000000000000000000000011110100000000000000100011000000000000001111110000000000000000100000000000000000010000000000000001111000000000000111110000000000000000000000000000000
900000000000000000000000000000011110000000000000001000001000000000000011111110000000000000000001000000000000000000110000000000000000011000000000011000011100000000000001111100000000000000000000000000000
900000000111110000000000000011000010000000000001100001110000000000011111110100000000000000000001000000000000000000010000000001000000001100000000110000000110000000000100000011000000000001111111000000000
000000000000000000000000011111111000000000001100000011000000000110000000001000000001000000000001000000010000000000010000000100000000000110000001100000000001100000001100000000110000000001111111111000000
000000111100000000000000110001111000000000001000000011000000000010000000011000000000100000000001100000001000000000001000000011000000000110000000001100000011000000000001111001100000000000000011110000000
000000000000000000000000000000000000000000000000011111110000000000001100000001000000000100000000010000000010000000000100000000100000000001000000001110000111110000000000111111000000000000000000000000000
000000000000001000000000011111111111000000111000000000010000011000000000000110000100000000000000100001000000000000001000011000000000000110000011111111111111000000000000000000000000000000000000000000000
900000000000000000000000000011111100000000000011000000000000000000111111110000000000000000000100000000000000000001000000000000000000110000000000100000011000000000001100011100000000000001111100000000000
500000000000000000000000000000000000000000000001111111100000000000001000000000000000000010000000000000000000111111110000000000000000000010000000100000000001100000001110000001110000000000011111100000000
400000000000000000000000001000000000000000000010000000000000000001100000010000000000010000011100000000000111111010000000000000000000100000000000000000001000000000000000000100000000000000000001000000000
200000000000000000000000001111000000000000000100011100000000000000000001000000000000000000010000000000000000000100000000000000111111000000000000110000111100000000001111111001111111100000000000000000000
100000000000000000000000000000000111000000000000111111100000000001110000110000000000000000011000000000000000001100000000000000000110000000000000000011000000000000000000100000000000000000010000000000000
700000000000000000000000000000000000000000001111111110000000000000000011000000000000000001100000000000000111111100000000000000010000000000000000000100000000000000000010000000000000000000000000000000000
700000000000000000000000001000000000000000000001111100000000000000000011000000000000000001100000000000000111111111000000000000011000000000000000000100000000000000000011000000000000000000000000000000000
700000000000000000000000100000000000000000000111111111111100000000000000000110000000000000000110000000000000111111100000000000000011001100000000000011000000000000000001100000000000000001110000000000000
100000000000000011000000000000000011100000000000000011110000000000000111010000000000011111000100000000000000000010000000000000000000100000000000000000001000000000000000000010000000000000000001100000000
100000000000000000000000000000001000000000000000001110000000000000001111000000000000011100100000000000000000001000000000000000000110000000000000000001000000000000000000010000000000000000000000000000000
100000000001000000000000000000110000000000000000111000000000000001110010000000000000100000100000000000000000001000000000000000000010000000000000000000100000000000000000001000000000000000000000000000000
200001111100000000000000100001110000000000000000000110000000000000000000100000000000000000011000000000000000011100000000000110001100000011100011111111111111000110000000000000000000000000000000000000000
300000000000000000000000001111100000000000000000001100000000000000000001100000000000000110001000000000000011111110000000010000000001100000000110000001111000000000011111100000000000000000000000000000000
400010000000000000000000100000010000000000001000000100000000000010000011000000000000111111110000000000000000001000000000000000000010000000000000000000100000000000000000001000000000000000000000000000000
500001100000000000000000010111111111000000000100000000000000000001000000000000000000010000000000000000000111111100000000000001000001000000000000000000110000000000001111111000000000000100000000000000000
600000000000000000000000011111110000000000001100000000000000000010000000000000000000101111000000000000001100011100000000000001111011000000000000000011100000000000000000000000000000000000000000000000000
700000000000000000000000111111111100000000000000000011000000000000000001100000000000000000110000000000000000011000000000000000001100000000000000000010000000000000000000000000000000000000000000000000000
800000000000000000000000111111100000000000001000011000000000000011000011000000000000011111110000000000000011111111000000001111100000010000000010000000000100000000111110001111000000000000111110000000000
900000000011111000000000000011100011100000000000100000001000000000001000000011000000000001111111111000001000000000000010000011000000000001100000011100000011110000000001111111100000000000000000000000000
000000000000000000000000000111111000000000000111000011000000000011000000011000000000100000000011000000001000000000010000000001100000001100000000001111111110000000000000000000000000000000000000000000000
100000000010000000000000000011100000000000000111001100000000000011000011000000000000000000100000000000000000001000000000000000000010000000000000000000100000000000000000001000000000000000000000000000000
200000000000000000000000111111111100000000001000000001100000000010000000001100000000000000000001000000000000000000010000000000000001111100000000000111110000000000000011111111111100000000100000000001110
300001111110000000000000010000011110000000000000000000110000000000000000000110000000000111111111000000000001111111100000000000000000001100000000000000000111000000000001100111000000000000001111000000000
400000000000000000000000000000000000000000000100000000100000000001000000011000000000010000001100000000000111111101000000000000000000110000000000000000001000000000000000000010000000000000000000000000000
500000000000000000000000001111111100000000000010000000000000000000100000000000000000011111111000000000000000000011100000000000000000011000000000000000000100000000001100000111000000000001111111000000000
600000000011110000000000001111100000000000000110000000000000000001100000000000000000001011110000000000000010000111100000000000110000001100000000000110000011000000000000111111100000000000000000000000000
700000000000000000000000001111111111110000000000000000011000000000000000011100000000000000001100000000000000001111110000000000000000100000000000000000001000000000000000000010000000000000000000100000000
800000111111110000000000011000000100000000000111100011000000000000001111100000000000000001101100000000000001110001100000000000110000001000000000001000000010000000000011100111100000000000001111000000000
900000011111100000000000111100001110000000001000000000110000000011100000000111000000001111111111010000000000000000001100000001000000000110000000001111001111000000000000001110000000000000000000000000000
000000001100000000000000011100001100000000001100000001100000000010000000001100000000110000000001000000000110000000010000000000110000001100000000000110000110000000000000111111000000000000000000000000000
100000000011000000000000000011100000000000000011011000000000000000000110000000000000000000100000000000000000001000000000000000000010000000000000000000010000000000000000000100000000000000000001100000000
200000000000000000000000111111111000000000000000000010000000000000000000100000000000000000001000000000000000000010000000000000000001100000000000011111111100000000000000000001111111100000000000000000000
300000111100000000000000011001110000000000000000000110000000000000000001100000000000000111110000000000000000000111000000000000000000011000000011000000001110000000011111111110000000000000000000000000000
400000100000000000000000001000000000000000000010000010000000000000100001100000000000001111101000000000000000000010000000000000000000100000000000000000001100000000000000000001000000000000000000000000000
500000000000000000000000011111110000000000000100000000000000000011111110000000000000110000111000000000000000000011000000000000000000010000000000000000001100000000001000111100000000000001110000000000000
600000000000000000000000000011110000000000000011100000000000000001100000000000000000111111100000000000001000001100000000000110000001100000000000110000011000000000000111111100000000000000000000000000000
700000000000000000000000011111111110000000000000000011000000000000000000100000000000000000010000000000001101111111110000000000110110000000000000000001000000000000000001100000000000000000010000000000000
800000000110000000000000001111110000000000000110000110000000000001000001100000000000011111110000000000000011101111000000000001100000011000000001100000000111000000010000001111000000000111111110000000000
900000001110000000000000011110001111000000000100000000110000000001111111111000000000000000000010000000000000000000100000000100000000011000000001111110011100000000000000111100000000000000000000000000000
000000000111111110000000011111100000110000001100000000000011000110000000000000011001000000000000000010110000000000000001100110000000000000010000111000000000001100000011111111111110000000000000000000000
200000000000000000000000011111100000000000000100001100000000000000000001000000000000000000010000000000000000001100000000000000000110000000000000001111000000000000000111111111111100000000000000000000000
100000000000000000000000000000110000000000000000011100000000000000011011000000000000000100100000000000000000001000000000000000000010000000000000000000100000000000000000001100000000000000000000000000000
300000000000000000000000001111111000000000000000000011000000000000000000010000000000000000111100000000000000000001110000000000010000001100000000000100000110000000000000111111000000000000000000000000000
400000000000000000000000000111110000000000000001000100000000000000110001000000000000011000010000100000000111111111111000000000000000100000000000000000001000000000000000000010000000000000000000000000000
500000000000000000000000001111111110000000000010000000000000000000111111110000000000001100000111000000001000000000001100000011000000000011000000011111111111100000000000000000000000000000000000000000000
600000000000000000000000000011111100000000000011000000000000000000100000000000000000001111111000000000000010000010000000000000111001100000000000000011100000000000000000000000000000000000000000000000000
700000111111000000000000000000001111100000000000000000010000000000000000000100000000000000000011000000000000011111111111000000000000100000000000000000001000000000000000000010000000000000000000000000000
800000000000000000000000000111111100000000000011000001000000000011100000110000000000111000111000000000000011111110000000000000111000110000000000011000001100000000000110001110000000000000111110000000000
900000011111000000000000001100001111000000000100000000110000000001000000001100000000010000000111000000000111111111010000000000000000000100000000000000000011000000001100000001100000000001111111110000000
000000000000000000000000001111111100000000000110000001110000000011000000000110000000100000000000110000001000000000000100000010000000000001000000100000000011110000001100011111100000000001111100000000000
000000000000000000000000000000000000000000000011111110000000000001100000111000000000110000000010000000001000000000110000000011000000000100000000011000000111000000000011111110000000000000000000000000000
000000000000000000000000011011111110000000001001000000110000000010000000000100000000100000000000100000001000000000001000000011000000000110000000011111111111000000000000000000000000000000000000000000000
000000000000000000000000000000111110000000000000111000110000000000111000000100000000001000000001000000000011000000011000000000011100111100000000000001111000000000000000000000000000000000000000000000000
900000011111110000000000001100000110100000000010000000011000000000100000000110000000000111001111100000000000001110110000000001000000011000000000011100111100000000000000111000000000000000000000000000000
800000001100000000000000001111111000000000000100000010000000000001000000100000000000011111111000000000000011111110000000000001100000110000000000010000001100000000000111111110000000000000000000000000000
800000000000000000000000000111111000000000000011000011100000000000110000111000000000000111111000000000000001101110000000000000110000010000000000000111111100000000000000000000000000000000000000000000000
700000000000000000000000001111111111000000000000000001110000000000000000110000000000000001111111110000000011101100000000000000000110000000000000000001000000000000000000010000000000000000000000000000000
700000000000000000000000001111111111000000000000000000110000000000000000011000000000000000001100000000000000000110000000000000000111000000000000000001000000000000000000010000000000000000000100000000000
600000011111100000000000001100001110000000000110000000000000000011010000000000000000100011110000000000001100000110000000000001110000110000000000000111001100000000000000011110000000000000000000000000000
600000000000000000000000001111111000000000001110000011000000000010000000000000000000100000000000000000001011111000000000000010000011000000000000111000001100000000000011100011000000000000001111100000000
600000000000000000000000000111111000000000001110000011000000000110000000000000000011010000000000000000100011100000000000001100000110000000000001000000011000000000001100000110000000000001111111000000000
600000000000000000000000000011111110000000000001100000110000000000100000000000000000010000000000000000000100011111111000000001000000000011100000011000000000001000000011111110011110000000000000111100000
500000000000000000000000001111110000000000000110000000000000000011111100000000000000110001111000000000000000000011000000000000000000011000000000100000011100000000001111111100000000000000000000000000000
500000000000000000000000011111111111000000000100000000011000000001000000000000000000100000000000000000001111111100000000000110000000100000000000000000001100000000011000000110000000000011111111000000000
500000000001000000000000000111111111000000000001000000000000000000110000000000000000001011111100000000000011100000110000000000000000000110000000000000000001100000000100000011110000000001111111100000000
400000000000000000000000001000000000000000000010000001100000000001000000011000000000010000011100000000000111111110000000000000000001100000000000000000010000000000000000000110000000000000000000100000000
400000000000000000000000000000000000000000000000000011000000000000000111110000000000001110001000000000000111111111100000000000000001000000000000000000010000000000000000000100000000000000000001000000000
300000000000000000000000011111100000000000000000001100000000000000000001100000000000000011111000000000000000001110000000000000000000100000000000011000110000000000000011111000000000000000000000000000000
300000000000000000000000000111111100000000000011000001100000000000000000001100000000000000000001000000000000001111110000000000000011111100000000010000000011000000000111000001100000000000011111110000000
300000000000000000000000000111100000000000000000000100000000000000000001000000000000000001111000000000000000000011000000001100000000010000000001100000001100000000001111111110000000000000000000000000000
200000000000000000000000111111000000000000001000011100000000000000000001000000000000000000010000000000000000011100000000000000001100000000000000001110011000000000011111111011111110000000000000000000000
200000000000000000000000000111110000000000000000000110000000000000000000100000000000000000001000000000000000000110000000000000000110000000000000011111000000000000000111111111111111000000000000000000000
200000000000000000000000001110000000000000000110011000000000000000000010000000000000000000100000000000000000001000000000000000000010000000000000000000100000000000001111111111111111000000000000000000000
100000000000000000000000000001100000000000000000111000000000000001110110000000000000000001000000000000000000010000000000000000000100000000000000000011000000000000000000110000000000000000000100000000000
100000000000010000000000000000001100000000000000000111000000000000000111100000000000000001001000000000000000000010000000000000000000100000000000000000001000000000000000000010000000000000000000100000000
100000000000000000000000000000000000000000000000000000000000000000000110000000000000000011100000000000000011101100000000000000000001000000000000000000110000000000000000001000000000000000000000000000000
100000000000000000000000000001110000000000000001110100000000000001110001000000000001110000010000000000000000000100000000000000000001000000000000000000110000000000000000001000000000000000000000000000000